,x_deg,x_moteus_deg,y,l,mode,u_ff,q_current,d_current,torque,t_s
0,-19.701416015625,37.298583984375,0.15834576288782912,0.14465423711217087,2,0.0,-3.3000000000000003,0.1,-1.395755648612976,9696.207924958
1,-18.30615234375,38.69384765625,0.15646118172779516,0.14653881827220483,2,-1.8327480432886265,-4.3,0.2,-1.8021867275238037,9696.210874046
2,-17.509643554687496,39.4903564453125,0.1553869264771147,0.1476130735228853,2,-1.7663408966115348,-4.9,-0.2,-2.063368082046509,9696.212330163
3,-16.702148437499996,40.2978515625,0.1542994328514679,0.14870056714853208,2,-1.7018494142125435,-4.6000000000000005,0.30000000000000004,-1.8728482723236084,9696.213646819
4,-15.933105468749998,41.06689453125,0.15326549503170972,0.14973450496829027,2,-1.6426773067600324,-4.1000000000000005,0.0,-1.7234930992126465,9696.214910865
5,-15.147583007812495,41.8524169921875,0.15221147388002496,0.15078852611997504,2,-1.5859034402102945,-4.3,-0.4,-1.8011373281478882,9696.216231132
6,-14.307128906249998,42.69287109375,0.15108638798058907,0.15191361201941092,2,-1.5263676519268556,-3.9000000000000004,0.1,-1.6249637603759766,9696.217532732
7,-13.47216796875,43.52783203125,0.14997169665019616,0.15302830334980383,2,-1.4684896443709272,-3.5,0.2,-1.4854962825775146,9696.218838833
8,-12.6536865234375,44.3463134765625,0.14888227139093488,0.1541177286090651,2,-1.410641899911337,-3.2,0.0,-1.3518787622451782,9696.220134674
9,-11.835205078125,45.164794921875,0.14779639133456374,0.15520360866543625,2,-1.3534122895098224,-3.5,0.0,-1.5158675909042358,9696.221452237
10,-10.983764648437496,46.0162353515625,0.14667087423439434,0.15632912576560565,2,-1.2957009450330643,-3.1,0.30000000000000004,-1.2897698879241943,9696.222738616
11,-10.220214843749995,46.77978515625,0.14566535895799101,0.15733464104200898,2,-1.2396467626818906,-2.6,-0.2,-1.113721251487732,9696.224035679
12,-9.434692382812498,47.5653076171875,0.1446349370877745,0.1583650629122255,2,-1.1831155307871035,-3.0,-0.1,-1.2665581703186035,9696.225396724
13,-8.676635742187495,48.3233642578125,0.14364465401846557,0.15935534598153442,2,-1.1249425615691586,-2.4000000000000004,0.30000000000000004,-0.9315305352210999,9696.226712713
14,-7.946044921874997,49.053955078125,0.1426942824943986,0.16030571750560138,2,-1.0688376342013766,-2.5,-0.4,-1.0591498613357544,9696.227995647
15,-7.253906249999995,49.74609375,0.14179776082222129,0.1612022391777787,2,-1.013237193145145,-2.3000000000000003,0.30000000000000004,-0.9633916020393372,9696.229351895
16,-6.6057128906249964,50.394287109375,0.1409616881691919,0.16203831183080808,2,-0.9570076165004064,-2.4000000000000004,0.0,-1.035629391670227,9696.23066031
17,-5.990478515624996,51.009521484375,0.1401714055071428,0.1628285944928572,2,-0.9032880795751184,-1.9000000000000001,0.0,-0.7987713813781738,9696.231932411
18,-5.369750976562497,51.6302490234375,0.13937741585483915,0.16362258414516084,2,-0.8494225916471427,-1.7000000000000002,0.6000000000000001,-0.6901546120643616,9696.233294752
19,-4.7929687499999964,52.20703125,0.13864274975330476,0.16435725024669523,2,-0.7952611789762245,-1.7000000000000002,0.30000000000000004,-0.7270098924636841,9696.234605001
20,-4.260131835937495,52.7398681640625,0.13796679949662163,0.16503320050337836,2,-0.7425142490296199,-1.7000000000000002,0.0,-0.7212526798248291,9696.235927879
21,-3.749267578124995,53.250732421875,0.13732125976580667,0.16567874023419332,2,-0.6886243034966371,-1.8,-0.2,-0.7533959150314331,9696.237292756
22,-3.265869140624995,53.734130859375,0.136712766226058,0.166287233773942,2,-0.635951500637995,-1.6,0.0,-0.6792291402816772,9696.238589579
23,-2.8374023437499947,54.16259765625,0.13617536148805984,0.16682463851194015,2,-0.5856711744884715,-1.3,-0.1,-0.5604854822158813,9696.239841773
24,-2.4364013671875004,54.5635986328125,0.13567408962729083,0.16732591037270916,2,-0.5376345600193393,-1.1,0.6000000000000001,-0.4762957990169525,9696.241194262
25,-2.0573730468749956,54.942626953125,0.13520180618970437,0.16779819381029562,2,-0.4861192175650668,-0.8,-0.1,-0.3532775938510895,9696.242487529
26,-1.7222900390624951,55.2777099609375,0.13478552985607337,0.16821447014392663,2,-0.4378342836678055,-0.7000000000000001,-0.2,-0.3352256119251251,9696.243807314
27,-1.4036865234374998,55.5963134765625,0.13439082820472978,0.1686091717952702,2,-0.3894543411044704,-1.0,0.0,-0.44514361023902893,9696.245111378
28,-1.1125488281249978,55.887451171875,0.13403110305269975,0.16896889694730025,2,-0.342156079529381,-0.7000000000000001,-0.1,-0.31711727380752563,9696.246371979
29,-0.8488769531249956,56.151123046875,0.1337061058811638,0.1692938941188362,2,-0.29711598309601817,-0.5,-0.4,-0.236424520611763,9696.247657357
30,-0.5742187499999984,56.42578125,0.1333683752368837,0.1696316247631163,2,-0.2517335285312088,-0.8,0.30000000000000004,-0.3733706474304199,9696.249006828
31,-0.32153320312499734,56.678466796875,0.1330583980473644,0.16994160195263558,2,-0.20550203023858504,-0.30000000000000004,-0.1,-0.14173628389835358,9696.250299688
32,-0.09631347656249592,56.9036865234375,0.1327827128524929,0.17021728714750708,2,-0.1620499434525282,-0.1,0.2,-0.05759185925126076,9696.251558455
33,0.12341308593750173,57.1234130859375,0.1325142998838403,0.17048570011615968,2,-0.12033531533861874,0.0,0.0,-0.030652105808258057,9696.252873963
34,0.3321533203125046,57.3321533203125,0.1322598126872644,0.1707401873127356,2,-0.07754639846030553,-0.1,0.30000000000000004,-0.07477612793445587,9696.254169138
35,0.5134277343750014,57.513427734375,0.1320392125890965,0.17096078741090348,2,-0.03641037141285608,-0.1,0.0,-0.055628545582294464,9696.255414683
36,0.700195312500002,57.7001953125,0.13181232084311748,0.17118767915688252,2,0.002379629022150831,-0.1,0.2,-0.08240360021591187,9696.256713821
37,0.8924560546875063,57.8924560546875,0.1315791751253015,0.17142082487469848,2,0.0418958108723837,-0.1,-0.1,-0.07188894599676132,9696.257968088
38,1.0572509765625044,58.0572509765625,0.1313796764305081,0.1716203235694919,2,0.07913634475629283,0.0,0.0,-0.017032817006111145,9696.2592293
39,1.2220458984375029,58.2220458984375,0.13118049371802792,0.17181950628197207,2,0.11556387985912231,0.0,0.2,-0.014057312160730362,9696.260528715
40,1.3923339843750049,58.392333984375,0.13097500521778652,0.17202499478221348,2,0.15213563624793458,0.2,0.0,0.0973842591047287,9696.261803779
41,1.5626220703125069,58.5626220703125,0.130769857534614,0.17223014246538598,2,0.1869856015790623,0.2,0.0,0.12347026914358139,9696.263072398
42,1.7384033203124998,58.7384033203125,0.13055845148928194,0.17244154851071805,2,0.2208012494097047,0.30000000000000004,0.0,0.15038202702999115,9696.264389295
43,1.9141845703125056,58.9141845703125,0.1303474123047522,0.1726525876952478,2,0.25486041882787025,0.4,-0.1,0.17442254722118378,9696.265676581
44,2.111938476562501,59.1119384765625,0.1301104340459966,0.1728895659540034,2,0.2872324462581497,0.7000000000000001,-0.2,0.3020475208759308,9696.266966311
45,2.315185546875,59.315185546875,0.12986736209282268,0.1731326379071773,2,0.3179962769509652,0.5,0.30000000000000004,0.23039652407169342,9696.26827843
46,2.518432617187499,59.5184326171875,0.12962478866311508,0.1733752113368849,2,0.3485915084883716,0.5,0.0,0.24690011143684387,9696.269571512
47,2.716186523437507,59.7161865234375,0.12938925241768828,0.1736107475823117,2,0.3773927330603941,0.7000000000000001,0.1,0.41731929779052734,9696.27084252
48,2.9084472656249987,59.908447265625,0.1291607162463301,0.1738392837536699,2,0.4046684568218697,1.0,0.0,0.4293314516544342,9696.272151899
49,3.0952148437499996,60.09521484375,0.1289391437091186,0.1740608562908814,2,0.4316339951558411,1.0,0.0,0.4376118779182434,9696.273447869
50,3.2984619140624987,60.2984619140625,0.12869850914776274,0.17430149085223726,2,0.45688549047728355,0.9,0.30000000000000004,0.4075280427932739,9696.274727563
51,3.5072021484375013,60.5072021484375,0.12845190364580983,0.17454809635419016,2,0.48071199613716814,1.0,-0.30000000000000004,0.44810667634010315,9696.275974553
52,3.704956054687497,60.7049560546875,0.12821877788796354,0.17478122211203645,2,0.5033486022357483,1.0,-0.1,0.44394049048423767,9696.277308857
53,3.9191894531250036,60.919189453125,0.12796677737527293,0.17503322262472706,2,0.525116505408764,1.2000000000000002,0.0,0.5742248296737671,9696.278635605
54,4.1004638671875,61.1004638671875,0.127753997071749,0.175246002928251,2,0.5458609348150437,1.4000000000000001,0.0,0.6143180131912231,9696.279888187
55,4.292724609375004,61.292724609375,0.12752877479869054,0.17547122520130945,2,0.5642422667441354,1.2000000000000002,0.30000000000000004,0.5446338057518005,9696.281220917
56,4.468505859374997,61.468505859375,0.12732326788840084,0.17567673211159915,2,0.582413666481423,1.4000000000000001,-0.1,0.6230414509773254,9696.282491481
57,4.6442871093750036,61.644287109375,0.12711815486488087,0.17588184513511912,2,0.5983099737843338,1.1,-0.4,0.473108172416687,9696.283765119
58,4.798095703125007,61.798095703125,0.12693900534411098,0.176060994655889,2,0.6129137007811676,1.6,-0.2,0.6840432286262512,9696.285052812
59,4.9793701171875036,61.9793701171875,0.1267282550248947,0.17627174497510528,2,0.6265030814689192,1.5,0.30000000000000004,0.6513182520866394,9696.286362468
60,5.111206054687504,62.1112060546875,0.12657524816363563,0.17642475183636436,2,0.6385237253762427,1.5,0.2,0.6616240739822388,9696.287646735
61,5.237548828125002,62.237548828125,0.1264288275486798,0.1765711724513202,2,0.6490341109237918,1.6,0.0,0.6972804069519043,9696.288961799
62,5.3693847656250036,62.369384765625,0.12627626158489075,0.17672373841510924,2,0.6583057373057437,1.6,-0.1,0.6933749318122864,9696.290262121
63,5.473754882812498,62.4737548828125,0.12615564051746295,0.17684435948253704,2,0.6658826741388445,1.8,0.0,0.7581537365913391,9696.291515482
64,5.5561523437500036,62.55615234375,0.12606051366700372,0.17693948633299628,2,0.6717911180501064,1.7000000000000002,0.0,0.7102994918823242,9696.292782342
65,5.64404296875,62.64404296875,0.1259591427729423,0.1770408572270577,2,0.6762868297274894,1.6,0.0,0.6986300945281982,9696.294081942
66,5.7044677734375036,62.7044677734375,0.1258895089089562,0.1771104910910438,2,0.679344309886865,1.8,0.0,0.7547130584716797,9696.295380154
67,5.748413085937508,62.7484130859375,0.1258388961433032,0.17716110385669678,2,0.6807843467959837,1.6,0.0,0.699554979801178,9696.296663495
68,5.775878906250002,62.77587890625,0.1258072760246806,0.1771927239753194,2,0.6806231683931767,1.7000000000000002,0.0,0.7260054349899292,9696.297949596
69,5.775878906250002,62.77587890625,0.1258072760246806,0.1771927239753194,2,0.6788593235385187,1.6,0.0,0.7022944688796997,9696.299230808
70,5.775878906250002,62.77587890625,0.1258072760246806,0.1771927239753194,2,0.6754795699273723,1.9000000000000001,0.0,0.8026413917541504,9696.30052213
71,5.770385742187497,62.7703857421875,0.12581359925665975,0.17718640074334024,2,0.6704171210572842,1.6,0.0,0.7022804021835327,9696.301830009
72,5.742919921875004,62.742919921875,0.125845221354417,0.177154778645583,2,0.6635672950253642,1.6,0.1,0.6942083239555359,9696.303085184
73,5.7044677734375036,62.7044677734375,0.1258895089089562,0.1771104910910438,2,0.6552164538516718,1.5,0.0,0.6577042937278748,9696.304431617
74,5.649536132812504,62.6495361328125,0.1259528104464364,0.1770471895535636,2,0.6446415939613578,1.5,0.1,0.6319901347160339,9696.305721533
75,5.605590820312499,62.6055908203125,0.1260034801120597,0.1769965198879403,2,0.6327201840200446,1.6,-0.1,0.6698729395866394,9696.306986152
76,5.5451660156249964,62.545166015625,0.126073192126873,0.17692680787312698,2,0.6192219475081423,1.5,0.0,0.635261595249176,9696.308290956
77,5.457275390625,62.457275390625,0.1261746765151114,0.17682532348488858,2,0.6034408040382334,1.5,0.0,0.6490960121154785,9696.309621797
78,5.3968505859374964,62.3968505859375,0.1262445054467252,0.1767554945532748,2,0.5855530411693162,1.3,0.0,0.5709743499755859,9696.310901416
79,5.3144531250000036,62.314453125,0.12633980329588185,0.17666019670411814,2,0.5665155745923071,1.4000000000000001,0.0,0.6223918199539185,9696.31219935
80,5.232055664062498,62.2320556640625,0.12643518936100184,0.17656481063899815,2,0.5452462416169008,1.2000000000000002,0.1,0.522437572479248,9696.313489192
81,5.166137695312504,62.1661376953125,0.12651156162180854,0.17648843837819145,2,0.5223110512054036,1.3,0.0,0.5489290356636047,9696.314773959
82,5.105712890625001,62.105712890625,0.1265816189653764,0.1764183810346236,2,0.49754603284840604,1.0,0.0,0.43914926052093506,9696.316082226
83,5.028808593749999,62.02880859375,0.12667085114696408,0.1763291488530359,2,0.47019098207398063,1.1,0.0,0.45840170979499817,9696.317405067
84,4.951904296874997,61.951904296875,0.1267601596916256,0.1762398403083744,2,0.44070805929087464,0.9,0.0,0.40366265177726746,9696.318695168
85,4.891479492187507,61.8914794921875,0.12683038417648024,0.17616961582351975,2,0.4099425442802343,0.8,0.30000000000000004,0.363484650850296,9696.319970231
86,4.8255615234375,61.8255615234375,0.12690704630358968,0.17609295369641031,2,0.3768262259169098,0.9,0.0,0.3795861601829529,9696.321282165
87,4.770629882812501,61.7706298828125,0.12697097407433375,0.17602902592566624,2,0.3418139987191671,0.8,0.30000000000000004,0.36721381545066833,9696.322599451
88,4.704711914062506,61.7047119140625,0.12704773852459397,0.17595226147540602,2,0.30446238426305045,0.8,0.5,0.3613612949848175,9696.323995476
89,4.6442871093750036,61.644287109375,0.12711815486488087,0.17588184513511912,2,0.2607628922416224,0.9,0.4,0.3827873766422272,9696.325398983
90,4.5838623046875,61.5838623046875,0.12718861793858624,0.17581138206141375,2,0.2173439335351406,0.5,0.1,0.219858318567276,9696.326698103
91,4.534423828125004,61.534423828125,0.12724630425925473,0.17575369574074526,2,0.17357839762631436,0.7000000000000001,0.30000000000000004,0.32938727736473083,9696.328033684
92,4.473999023437501,61.4739990234375,0.12731685213585442,0.17568314786414557,2,0.1261181003490321,0.6000000000000001,0.2,0.2895016074180603,9696.329350099
93,4.413574218749998,61.41357421875,0.12738744656182008,0.1756125534381799,2,0.07742691853243605,0.5,0.1,0.2153347283601761,9696.3306412
94,4.331176757812505,61.3311767578125,0.127483786586898,0.175516213413102,2,0.02734646609714475,0.2,0.0,0.09477357566356659,9696.331904486
95,4.265258789062498,61.2652587890625,0.12756092072879083,0.17543907927120916,2,-0.023790650782199663,0.1,0.1,0.06310826539993286,9696.333229457
96,4.1883544921874964,61.1883544921875,0.12765098022835641,0.17534901977164358,2,-0.07985577419548706,0.0,0.1,-0.010043380782008171,9696.334495261
97,4.111450195312508,61.1114501953125,0.12774111462365167,0.17525888537634832,2,-0.13550801086676723,-0.2,0.0,-0.10520553588867188,9696.335782417
98,4.0015869140624964,61.0015869140625,0.127870007693448,0.175129992306552,2,-0.1942709403067121,-0.1,0.0,-0.06307829171419144,9696.337080203
99,3.908203124999996,60.908203125,0.12797968645728025,0.17502031354271974,2,-0.2560085842576567,-0.30000000000000004,0.0,-0.0837164893746376,9696.338366267
100,3.798339843749997,60.79833984375,0.12810886071037603,0.17489113928962396,2,-0.3192223741849358,-0.5,0.1,-0.20835323631763458,9696.339645016
101,3.6774902343750036,60.677490234375,0.12825112725187915,0.17474887274812084,2,-0.385111142024253,-0.5,0.2,-0.2337944358587265,9696.340970505
102,3.5401611328124987,60.5401611328125,0.1284130154661862,0.1745869845338138,2,-0.45464360969008544,-0.8,0.0,-0.3331263065338135,9696.342224995
103,3.413818359375001,60.413818359375,0.12856216025153006,0.17443783974846994,2,-0.5231642169534447,-0.7000000000000001,0.30000000000000004,-0.3062810003757477,9696.343504503
104,3.2545166015625067,60.2545166015625,0.12875049497230892,0.17424950502769107,2,-0.59524416337385,-1.1,-0.2,-0.4758634865283966,9696.344780085
105,3.0842285156250044,60.084228515625,0.12895216550899927,0.17404783449100072,2,-0.6700260695109918,-1.3,0.0,-0.5503435730934143,9696.346138315
106,2.8864746093749964,59.886474609375,0.12918681176704033,0.17381318823295966,2,-0.7519693085147486,-1.3,-0.2,-0.5793310403823853,9696.347424082
107,2.7052001953124996,59.7052001953125,0.1294023252709857,0.1735976747290143,2,-0.831543896570922,-1.9000000000000001,0.2,-0.7987253665924072,9696.348737738
108,2.4635009765624996,59.4635009765625,0.12969029973012278,0.17330970026987721,2,-0.9167491436758402,-1.9000000000000001,0.0,-0.7970798015594482,9696.350065616
109,2.232788085937507,59.2327880859375,0.12996584484983162,0.17303415515016837,2,-1.004124768952563,-2.0,0.0,-0.8623089790344238,9696.351330846
110,1.9910888671875073,58.9910888671875,0.1302551984968603,0.1727448015031397,2,-1.0901850612812263,-2.0,0.0,-0.8501982092857361,9696.352650873
111,1.7164306640624976,58.7164306640625,0.13058485722048832,0.17241514277951167,2,-1.1828340904518115,-2.4000000000000004,0.0,-1.0060491561889648,9696.353919973
112,1.4362792968749967,58.436279296875,0.13092203118339554,0.17207796881660445,2,-1.2743745752513795,-2.7,0.2,-1.1582223176956177,9696.35521187
113,1.1176757812500078,58.11767578125,0.13130660599632812,0.17169339400367187,2,-1.369769875358756,-2.7,0.0,-1.140936255455017,9696.356500675
114,0.7606201171875051,57.7606201171875,0.1317390005182856,0.1712609994817144,2,-1.4681413027346881,-3.0,0.0,-1.2879061698913574,9696.357795479
115,0.39257812500000777,57.392578125,0.13218623768611407,0.17081376231388593,2,-1.5702286514482078,-3.2,0.0,-1.3684498071670532,9696.359089468
116,0.002563476562501754,57.0025634765625,0.13266185977374287,0.17033814022625712,2,-1.6730503360810192,-3.6,0.0,-1.5328925848007202,9696.360385236
117,-0.43139648437499617,56.568603515625,0.13319308377302963,0.16980691622697036,2,-1.7801788454750491,-3.9000000000000004,0.0,-1.64653480052948,9696.361695466
118,-0.8653564453125004,56.1346435546875,0.13372639601740308,0.16927360398259692,2,-1.890258785926696,-4.0,0.0,-1.6789867877960205,9696.362961381
119,-1.3048095703124958,55.6951904296875,0.13426855508909705,0.16873144491090294,2,-1.999831365475566,-4.3,0.0,-1.797423005104065,9696.364276074
120,-1.7827148437499984,55.21728515625,0.1348605086792259,0.1681394913207741,2,-2.11652141020718,-4.5,-0.1,-1.9217623472213745,9696.365586582
121,-2.282592773437497,54.7174072265625,0.1354822587929709,0.16751774120702909,2,-2.2358468860647207,-4.9,0.0,-2.0570125579833984,9696.366876035
122,-2.776977539062498,54.2230224609375,0.13609972248917562,0.16690027751082437,2,-2.3554160317466355,-5.300000000000001,-0.30000000000000004,-2.2413408756256104,9696.368214376
123,-3.342773437499997,53.6572265625,0.13680941776943642,0.16619058223056357,2,-2.4829678026531274,-5.5,0.2,-2.3225290775299072,9696.369514032
124,-3.875610351562499,53.1243896484375,0.13748067501619887,0.16551932498380112,2,-2.6091567187307123,-5.800000000000001,0.1,-2.4457361698150635,9696.370800799
125,-4.413940429687498,52.5860595703125,0.13816164470006184,0.16483835529993815,2,-2.7371850659572345,-6.2,0.0,-2.6124014854431152,9696.372092992
126,-4.9742431640625,52.0257568359375,0.1388733162450856,0.1641266837549144,2,-2.869489616003997,-6.5,0.0,-2.7375097274780273,9696.373401204
127,-5.556518554687497,51.4434814453125,0.13961595497337048,0.1633840450266295,2,-3.0056264651255793,-6.7,-0.1,-2.82501482963562,9696.374693397
128,-6.133300781249998,50.86669921875,0.14035457346873187,0.16264542653126812,2,-3.1426071561988973,-7.300000000000001,-0.1,-3.008944511413574,9696.376031386
129,-6.7540283203124964,50.2459716796875,0.14115268479887189,0.1618473152011281,2,-3.2901672405428672,-7.6000000000000005,0.30000000000000004,-3.148233413696289,9696.377368394
130,-7.352783203124999,49.647216796875,0.14192560076850474,0.16107439923149525,2,-3.4372486124590544,-7.9,0.0,-3.308225393295288,9696.378672124
131,-7.924072265624996,49.075927734375,0.14266576329337907,0.16033423670662092,2,-3.5851176394197344,-8.4,0.2,-3.50541353225708,9696.379960206
132,-8.572265625,48.427734375,0.14350863960546895,0.15949136039453105,2,-3.7376724324404633,-8.4,-0.4,-3.49865984916687,9696.381312862
133,-9.182006835937496,47.8179931640625,0.14430438274842955,0.15869561725157044,2,-3.894181145104593,-8.9,0.1,-3.7088816165924072,9696.382602462
134,-9.8192138671875,47.1807861328125,0.14513881305535198,0.157861186944648,2,-4.049859506535168,-9.4,0.2,-3.9252078533172607,9696.383880841
135,-10.428955078124998,46.571044921875,0.1459398747248603,0.15706012527513968,2,-4.206516829924688,-9.4,-0.5,-3.9270975589752197,9696.385222237
136,-11.05517578125,45.94482421875,0.1467651040961749,0.15623489590382508,2,-4.375468780221407,-10.100000000000001,0.0,-4.231049537658691,9696.386495597
137,-11.730834960937498,45.2691650390625,0.14765819385616055,0.15534180614383944,2,-4.538114573572574,-10.700000000000001,0.4,-4.45310640335083,9696.387808364
138,-12.433959960937496,44.5660400390625,0.14859039910497118,0.1544096008950288,2,-4.7091178860622795,-10.700000000000001,0.0,-4.4821062088012695,9696.389129779
139,-13.131591796874996,43.868408203125,0.14951796784549887,0.15348203215450112,2,-4.885056811577762,-11.100000000000001,0.6000000000000001,-4.664859294891357,9696.390436639
140,-13.845703124999995,43.154296875,0.1504699780151258,0.1525300219848742,2,-5.061414191113544,-11.5,-0.1,-4.799943923950195,9696.391737017
141,-14.631225585937498,42.3687744140625,0.1515198996192838,0.1514801003807162,2,-5.240619314475569,-12.200000000000001,0.2,-5.097516059875488,9696.393061229
142,-15.466186523437496,41.5338134765625,0.1526387082069827,0.1503612917930173,2,-5.426742611305129,-12.3,0.2,-5.1227498054504395,9696.394311459
143,-16.24072265625,40.75927734375,0.1536788447419577,0.1493211552580423,2,-5.606806947840823,-12.5,0.2,-5.229734420776367,9696.395618152
144,-17.103149414062496,39.8968505859375,0.15483926197503858,0.1481607380249614,2,-5.794738855843365,-12.9,-0.8,-5.405882358551025,9696.396924586
145,-18.020507812499996,38.9794921875,0.15607577339087456,0.14692422660912544,2,-5.988960910654503,-13.600000000000001,-0.1,-5.6027116775512695,9696.398214539
146,-19.042236328125,37.957763671875,0.1574550454536643,0.1455449545463357,2,-6.1912449815576025,-13.8,-0.5,-5.743356704711914,9696.399682675
147,-20.052978515625,36.947021484375,0.15882101374649865,0.14417898625350134,2,-6.4099963137697245,-14.8,0.30000000000000004,-6.158297538757324,9696.401047386
148,-21.0966796875,35.9033203125,0.16023242413897842,0.14276757586102157,1,-6.622372689081001,-15.5,0.2,-6.458782196044922,9696.402326561
149,-22.0250244140625,34.9749755859375,0.16148802272382817,0.14151197727617182,1,0.0,-15.4,0.1,-6.4091362953186035,9696.403529699
150,-22.997314453124996,34.002685546875,0.16280265957954862,0.14019734042045137,1,0.0,6.1000000000000005,-4.9,2.5399010181427,9696.404733671
151,-23.777343749999996,33.22265625,0.16385664681921175,0.13914335318078824,1,0.0,4.7,0.6000000000000001,1.9554044008255005,9696.405928013
152,-24.4530029296875,32.5469970703125,0.1647688470825401,0.13823115291745988,1,0.0,3.2,0.5,1.350921392440796,9696.407130337
153,-25.0462646484375,31.9537353515625,0.16556905121566703,0.13743094878433296,1,0.0,3.0,0.7000000000000001,1.2668874263763428,9696.408370771
154,-25.562622070312496,31.4373779296875,0.16626483934107128,0.1367351606589287,1,0.0,2.9000000000000004,0.30000000000000004,1.210774540901184,9696.409611835
155,-25.991088867187496,31.0089111328125,0.1668416416079545,0.1361583583920455,1,0.0,2.7,0.5,1.1255319118499756,9696.410803696
156,-26.353637695312496,30.6463623046875,0.1673292708970829,0.13567072910291708,1,0.0,2.8000000000000003,0.0,1.1740243434906006,9696.41197963
157,-26.661254882812496,30.3387451171875,0.16774267953263475,0.13525732046736524,1,0.0,2.8000000000000003,-0.4,1.1875998973846436,9696.413254435
158,-26.9249267578125,30.0750732421875,0.16809676748292218,0.1349032325170778,1,0.0,2.4000000000000004,0.30000000000000004,1.031089186668396,9696.414478684
159,-27.1556396484375,29.8443603515625,0.16840638555410528,0.1345936144458947,1,0.0,2.6,0.0,1.0980370044708252,9696.415699656
160,-27.3424072265625,29.6575927734375,0.1686568799959486,0.13434312000405138,1,0.0,2.6,0.2,1.094678521156311,9696.416927164
161,-27.507202148437496,29.4927978515625,0.16887779017824137,0.13412220982175863,1,0.0,2.4000000000000004,-0.2,1.0181769132614136,9696.418173913
162,-27.639038085937496,29.3609619140625,0.1690544390276973,0.1339455609723027,1,0.0,2.6,0.0,1.110081434249878,9696.419397144
163,-27.743408203125,29.256591796875,0.16919423493207178,0.1338057650679282,1,0.0,2.4000000000000004,0.0,1.0211983919143677,9696.420602097
164,-27.809326171875,29.190673828125,0.16928250343250512,0.13371749656749488,1,0.0,2.3000000000000003,0.0,0.9635890126228333,9696.421812087
165,-27.880737304687496,29.1192626953125,0.16937810671254716,0.13362189328745283,1,0.0,2.4000000000000004,0.0,1.0059794187545776,9696.422977208
166,-27.919189453125,29.080810546875,0.169429576302645,0.133570423697355,1,0.0,2.2,0.2,0.9481433629989624,9696.424211623
167,-27.93017578125,29.06982421875,0.16944428072252557,0.13355571927747442,1,0.0,1.7000000000000002,0.1,0.7172949314117432,9696.425450132
168,-27.924682617187496,29.0753173828125,0.16943692857813977,0.13356307142186022,1,0.0,2.1,0.0,0.8794253468513489,9696.426624233
169,-27.9027099609375,29.0972900390625,0.16940751869062784,0.13359248130937215,1,0.0,1.6,-0.1,0.6714271903038025,9696.427810798
170,-27.858764648437496,29.1412353515625,0.16934869265107258,0.1336513073489274,1,0.0,1.5,0.0,0.6362062096595764,9696.429027177
171,-27.814819335937496,29.1851806640625,0.169289858306638,0.13371014169336198,1,0.0,1.6,0.0,0.6685847640037537,9696.430221704
172,-27.765380859374996,29.234619140625,0.16922365981367593,0.13377634018632406,1,0.0,1.6,-0.1,0.7070767283439636,9696.431390324
173,-27.7049560546875,29.2950439453125,0.16914273648828154,0.13385726351171845,1,0.0,1.5,0.0,0.6362714767456055,9696.432589759
174,-27.628051757812496,29.3719482421875,0.16903972102509307,0.13396027897490692,1,0.0,1.4000000000000001,-0.1,0.5871623754501343,9696.433750564
175,-27.562133789062496,29.4378662109375,0.16895140253595908,0.1340485974640409,1,0.0,1.4000000000000001,0.0,0.6188754439353943,9696.434918351
176,-27.457763671874996,29.542236328125,0.16881152857125928,0.1341884714287407,1,0.0,1.3,0.0,0.557540774345398,9696.436139026
177,-27.364379882812496,29.6356201171875,0.1686863409532155,0.1343136590467845,1,0.0,1.1,0.0,0.4883235991001129,9696.437333739
178,-27.265502929687496,29.7344970703125,0.16855375166854306,0.13444624833145694,1,0.0,1.1,0.1,0.4983251094818115,9696.438528025
179,-27.1666259765625,29.8333740234375,0.16842112425815192,0.13457887574184807,1,0.0,1.1,0.1,0.46836915612220764,9696.439685571
180,-27.0567626953125,29.9432373046875,0.1682737165464968,0.13472628345350318,1,0.0,1.0,0.0,0.4262671172618866,9696.440874673
181,-26.946899414062496,30.0531005859375,0.16812626346497297,0.13487373653502702,1,0.0,1.1,0.0,0.4833364188671112,9696.442033886
182,-26.826049804687496,30.1739501953125,0.16796401373950665,0.13503598626049335,1,0.0,1.1,-0.4,0.4688209891319275,9696.44319608
183,-26.6942138671875,30.3057861328125,0.16778695405832994,0.13521304594167005,1,0.0,0.6000000000000001,-0.30000000000000004,0.2852776050567627,9696.44441144
184,-26.5458984375,30.4541015625,0.1675876889731553,0.1354123110268447,1,0.0,0.9,0.0,0.41012847423553467,9696.445578153
185,-26.397583007812496,30.6024169921875,0.16738834876635084,0.13561165123364916,1,0.0,0.8,-0.1,0.3760855197906494,9696.446783551
186,-26.227294921875,30.772705078125,0.16715938687481788,0.1358406131251821,1,0.0,0.8,-0.1,0.33807626366615295,9696.447933745
187,-26.0679931640625,30.9320068359375,0.1669451126210554,0.13605488737894458,1,0.0,0.6000000000000001,0.0,0.16249917447566986,9696.449257327
188,-25.8922119140625,31.1077880859375,0.1667085810501622,0.1362914189498378,1,0.0,0.4,0.0,0.20108413696289062,9696.450445854
189,-25.738403320312496,31.2615966796875,0.16650154036172618,0.1364984596382738,1,0.0,0.5,0.0,0.2240363359451294,9696.451637159
190,-25.573608398437496,31.4263916015625,0.16627963568712562,0.13672036431287438,1,0.0,0.7000000000000001,0.0,0.26128315925598145,9696.45286126
191,-25.4088134765625,31.5911865234375,0.16605765597562672,0.13694234402437327,1,0.0,0.4,0.1,0.19983172416687012,9696.454031473
192,-25.249511718749996,31.75048828125,0.16584300707268226,0.13715699292731773,1,0.0,0.1,-0.1,0.11788830161094666,9696.455242037
193,-25.07373046875,31.92626953125,0.16560607822130705,0.13739392177869295,1,0.0,0.30000000000000004,-0.2,0.15709872543811798,9696.456488138
194,-24.892456054687496,32.1075439453125,0.16536166676403039,0.1376383332359696,1,0.0,0.30000000000000004,0.2,0.129838228225708,9696.457697554
195,-24.716674804687496,32.2833251953125,0.1651245892293069,0.1378754107706931,1,0.0,0.1,0.0,0.05815846100449562,9696.458876878
196,-24.557373046874996,32.442626953125,0.16490967912258733,0.13809032087741266,1,0.0,0.2,0.0,0.0881456583738327,9696.460072035
197,-24.3760986328125,32.6239013671875,0.16466506200784295,0.13833493799215704,1,0.0,0.4,0.2,0.08488713204860687,9696.461319192
198,-24.222290039062496,32.7777099609375,0.16445745728778816,0.13854254271221184,1,0.0,0.1,-0.1,0.04194243997335434,9696.46250283
199,-24.046508789062496,32.9534912109375,0.16422014091009512,0.13877985908990487,1,0.0,0.0,-0.2,0.014755720272660255,9696.463660339
200,-23.909179687499996,33.0908203125,0.16403469974572504,0.13896530025427495,1,0.0,0.0,0.0,0.006281258538365364,9696.46487594
201,-23.733398437499996,33.2666015625,0.16379728970813784,0.13920271029186215,1,0.0,0.1,-0.30000000000000004,0.04954051226377487,9696.466092597
202,-23.568603515625,33.431396484375,0.16357467450794208,0.1394253254920579,1,0.0,0.1,-0.2,0.06264723837375641,9696.467259458
203,-23.414794921874996,33.585205078125,0.1633668651869665,0.1396331348130335,1,0.0,0.30000000000000004,0.0,0.1285894811153412,9696.468474689
204,-23.277465820312496,33.7225341796875,0.16318129448610674,0.13981870551389325,1,0.0,0.0,0.1,0.03426266834139824,9696.469671494
205,-23.129150390624996,33.870849609375,0.16298085191636127,0.14001914808363872,1,0.0,0.2,0.1,0.11588772386312485,9696.470872818
206,-22.969848632812496,34.0301513671875,0.1627655338161516,0.14023446618384838,1,0.0,0.0,0.1,0.013292234390974045,9696.472071456
207,-22.838012695312496,34.1619873046875,0.16258731949260766,0.14041268050739233,1,0.0,-0.1,0.2,-0.07574332505464554,9696.473300205
208,-22.711669921875,34.288330078125,0.162416515227733,0.14058348477226698,1,0.0,-0.4,0.1,-0.18662680685520172,9696.474495307
209,-22.601806640625,34.398193359375,0.1622679784604033,0.14073202153959669,1,0.0,0.0,0.2,0.03528592362999916,9696.475678723
210,-22.497436523437496,34.5025634765625,0.16212685960798176,0.14087314039201823,1,0.0,0.0,0.30000000000000004,0.005222910083830357,9696.476869009
211,-22.3875732421875,34.6124267578125,0.1619783048847916,0.1410216951152084,1,0.0,0.0,0.4,0.001519662793725729,9696.478077314
212,-22.30517578125,34.69482421875,0.16186688359005533,0.14113311640994466,1,0.0,0.0,-0.2,-0.004450354725122452,9696.47926949
213,-22.217285156249996,34.78271484375,0.1617480297023594,0.14125197029764058,1,0.0,-0.1,0.2,-0.05277369171380997,9696.480487739
214,-22.134887695312496,34.8651123046875,0.16163660034255173,0.14136339965744826,1,0.0,0.0,0.1,-0.011337865144014359,9696.481680693
215,-22.074462890624996,34.925537109375,0.16155488333280413,0.14144511666719586,1,0.0,-0.30000000000000004,0.30000000000000004,-0.0995420515537262,9696.482858664
216,-22.003051757812496,34.9969482421875,0.1614583065625673,0.1415416934374327,1,0.0,0.0,-0.1,0.006120122037827969,9696.484044173
217,-21.926147460937496,35.0738525390625,0.16135429849657512,0.14164570150342487,1,0.0,-0.1,0.0,-0.05860977992415428,9696.485249719
218,-21.893188476562496,35.1068115234375,0.1613097229477803,0.1416902770522197,1,0.0,0.2,0.0,0.09780707210302353,9696.486422321
219,-21.832763671874996,35.167236328125,0.1612280001785213,0.1417719998214787,1,0.0,0.2,-0.2,0.11329282820224762,9696.487613792
220,-21.788818359374996,35.211181640625,0.1611685647495701,0.1418314352504299,1,0.0,0.2,0.0,0.12339860200881958,9696.488803209
221,-21.744873046875,35.255126953125,0.16110912880343556,0.14189087119656443,1,0.0,0.0,0.0,0.01477094553411007,9696.489988403
222,-21.700927734375,35.299072265625,0.16104969239512062,0.14195030760487937,1,0.0,0.1,0.1,0.060880210250616074,9696.4911818
223,-21.678955078124996,35.321044921875,0.16101997403482704,0.14198002596517295,1,0.0,0.0,-0.2,0.017984768375754356,9696.492377161
224,-21.6514892578125,35.3485107421875,0.16098282595176916,0.14201717404823083,1,0.0,-0.1,0.0,-0.043664563447237015,9696.493561207
225,-21.629516601562496,35.3704833984375,0.16095310738754062,0.14204689261245937,1,0.0,0.0,0.0,0.009751657024025917,9696.494758956
226,-21.618530273437496,35.3814697265625,0.16093824807519264,0.14206175192480736,1,0.0,0.0,0.0,-4.698306188544166e-10,9696.495941299
227,-21.602050781249996,35.39794921875,0.1609159590712922,0.1420840409287078,1,0.0,0.2,0.0,0.09372252970933914,9696.497167474
228,-21.580078125,35.419921875,0.1608862403378895,0.14211375966211048,1,0.0,0.30000000000000004,0.1,0.12504296004772186,9696.498357112
229,-21.569091796875,35.430908203125,0.16087138094674597,0.14212861905325402,1,0.0,-0.2,0.0,-0.08761776983737946,9696.499543621
230,-21.558105468749996,35.44189453125,0.1608565215404513,0.1421434784595487,1,0.0,0.4,0.0,0.18669667840003967,9696.500776833
231,-21.5526123046875,35.4473876953125,0.16084909183189028,0.1421509081681097,1,0.0,0.30000000000000004,0.1,0.02725299447774887,9696.502015453
232,-21.5416259765625,35.4583740234375,0.1608342324044769,0.1421657675955231,1,0.0,0.0,0.0,-0.026569325476884842,9696.503193332
233,-21.558105468749996,35.44189453125,0.1608565215404513,0.1421434784595487,1,0.0,0.1,-0.1,0.06288783252239227,9696.504401545
234,-21.563598632812496,35.4364013671875,0.1608639512454389,0.1421360487545611,1,0.0,0.6000000000000001,0.0,0.276991605758667,9696.505560183
235,-21.563598632812496,35.4364013671875,0.1608639512454389,0.1421360487545611,1,0.0,0.0,0.0,-0.036954402923583984,9696.506737377
236,-21.569091796875,35.430908203125,0.16087138094674597,0.14212861905325402,1,0.0,0.2,0.0,0.12423554062843323,9696.507889498
237,-21.574584960937496,35.4254150390625,0.1608788106442652,0.14212118935573478,1,0.0,0.1,0.0,0.05107036605477333,9696.509099506
238,-21.591064453124996,35.408935546875,0.16090109971302416,0.14209890028697583,1,0.0,0.0,-0.1,-0.024043943732976913,9696.510306719
239,-21.6075439453125,35.3924560546875,0.16092338874383316,0.14207661125616683,1,0.0,0.6000000000000001,0.0,0.26611483097076416,9696.511491024
240,-21.602050781249996,35.39794921875,0.1609159590712922,0.1420840409287078,1,0.0,0.6000000000000001,0.0,0.25726357102394104,9696.512688181
241,-21.613037109374996,35.386962890625,0.16093081841183574,0.14206918158816426,1,0.0,0.4,0.0,0.17713187634944916,9696.513858893
242,-21.613037109374996,35.386962890625,0.16093081841183574,0.14206918158816426,1,0.0,-0.1,0.1,-0.07553400844335556,9696.515024625
243,-21.613037109374996,35.386962890625,0.16093081841183574,0.14206918158816426,1,0.0,0.4,0.0,0.1777309775352478,9696.516242874
244,-21.613037109374996,35.386962890625,0.16093081841183574,0.14206918158816426,1,0.0,-0.2,-0.1,-0.10659246146678925,9696.517448086
245,-21.613037109374996,35.386962890625,0.16093081841183574,0.14206918158816426,1,0.0,0.30000000000000004,0.0,0.1555107682943344,9696.518615077
246,-21.618530273437496,35.3814697265625,0.16093824807519264,0.14206175192480736,1,0.0,0.5,0.0,0.2408285290002823,9696.519774716
247,-21.613037109374996,35.386962890625,0.16093081841183574,0.14206918158816426,1,0.0,-0.2,0.0,-0.08882477134466171,9696.520975743
248,-21.613037109374996,35.386962890625,0.16093081841183574,0.14206918158816426,1,0.0,0.2,0.1,0.09367173165082932,9696.522164826
249,-21.6075439453125,35.3924560546875,0.16092338874383316,0.14207661125616683,1,0.0,0.5,-0.1,0.04433131963014603,9696.523415575
250,-21.6075439453125,35.3924560546875,0.16092338874383316,0.14207661125616683,1,0.0,0.0,0.0,-0.030989378690719604,9696.524690602
251,-21.613037109374996,35.386962890625,0.16093081841183574,0.14206918158816426,1,0.0,0.6000000000000001,0.1,0.27520751953125,9696.525929388
252,-21.6075439453125,35.3924560546875,0.16092338874383316,0.14207661125616683,1,0.0,0.2,0.0,0.11451087892055511,9696.527130748
253,-21.5965576171875,35.4034423828125,0.16090852939432013,0.14209147060567986,1,0.0,0.0,0.1,-0.03338545933365822,9696.528422553
254,-21.591064453124996,35.408935546875,0.16090109971302416,0.14209890028697583,1,0.0,0.5,0.0,0.24263326823711395,9696.529656783
255,-21.585571289062496,35.4144287109375,0.16089367002751154,0.14210632997248845,1,0.0,-0.2,0.0,-0.09685459733009338,9696.530845126
256,-21.591064453124996,35.408935546875,0.16090109971302416,0.14209890028697583,1,0.0,0.0,0.1,0.016193069517612457,9696.53207743
257,-21.585571289062496,35.4144287109375,0.16089367002751154,0.14210632997248845,1,0.0,-0.30000000000000004,-0.2,-0.14640600979328156,9696.533312328
258,-21.591064453124996,35.408935546875,0.16090109971302416,0.14209890028697583,1,0.0,-0.30000000000000004,-0.1,-0.15676236152648926,9696.534517485
259,-21.591064453124996,35.408935546875,0.16090109971302416,0.14209890028697583,1,0.0,0.0,-0.1,-0.015827683731913567,9696.535717475
260,-21.591064453124996,35.408935546875,0.16090109971302416,0.14209890028697583,1,0.0,0.2,0.0,0.11050093173980713,9696.536950187
261,-21.602050781249996,35.39794921875,0.1609159590712922,0.1420840409287078,1,0.0,0.30000000000000004,0.0,0.1600818634033203,9696.538144696
262,-21.6075439453125,35.3924560546875,0.16092338874383316,0.14207661125616683,1,0.0,0.30000000000000004,0.0,-0.06650863587856293,9696.539364593
263,-21.602050781249996,35.39794921875,0.1609159590712922,0.1420840409287078,1,0.0,0.4,0.0,0.1516328752040863,9696.540574713
264,-21.613037109374996,35.386962890625,0.16093081841183574,0.14206918158816426,1,0.0,0.30000000000000004,-0.1,0.14141692221164703,9696.541780962
265,-21.602050781249996,35.39794921875,0.1609159590712922,0.1420840409287078,1,0.0,0.6000000000000001,0.0,0.2657323479652405,9696.542974193
266,-21.6075439453125,35.3924560546875,0.16092338874383316,0.14207661125616683,1,0.0,0.6000000000000001,0.0,0.2525286376476288,9696.544238109
267,-21.618530273437496,35.3814697265625,0.16093824807519264,0.14206175192480736,1,0.0,0.6000000000000001,0.0,0.2575719952583313,9696.545446599
268,-21.6075439453125,35.3924560546875,0.16092338874383316,0.14207661125616683,1,0.0,0.4,0.1,0.1861344873905182,9696.546639312
269,-21.613037109374996,35.386962890625,0.16093081841183574,0.14206918158816426,1,0.0,-0.30000000000000004,0.0,-0.1109873577952385,9696.547868672
270,-21.613037109374996,35.386962890625,0.16093081841183574,0.14206918158816426,1,0.0,0.0,-0.1,-0.03118346817791462,9696.549109069
271,-21.602050781249996,35.39794921875,0.1609159590712922,0.1420840409287078,1,0.0,0.0,0.0,0.004977986216545105,9696.55029743
272,-21.6075439453125,35.3924560546875,0.16092338874383316,0.14207661125616683,1,0.0,-0.2,0.0,-0.097603939473629,9696.551475772
273,-21.613037109374996,35.386962890625,0.16093081841183574,0.14206918158816426,1,0.0,-0.2,0.0,-0.09765557199716568,9696.552673929
274,-21.613037109374996,35.386962890625,0.16093081841183574,0.14206918158816426,1,0.0,0.0,-0.1,-0.02672164887189865,9696.553882142
275,-21.602050781249996,35.39794921875,0.1609159590712922,0.1420840409287078,1,0.0,0.0,0.0,0.013597987592220306,9696.555098817
276,-21.6075439453125,35.3924560546875,0.16092338874383316,0.14207661125616683,1,0.0,0.2,0.0,0.22617195546627045,9696.556374844
277,-21.5965576171875,35.4034423828125,0.16090852939432013,0.14209147060567986,1,0.0,0.2,0.0,0.11853737384080887,9696.557580649
278,-21.6075439453125,35.3924560546875,0.16092338874383316,0.14207661125616683,1,0.0,0.0,0.0,-0.01731429249048233,9696.558771213
279,-21.591064453124996,35.408935546875,0.16090109971302416,0.14209890028697583,1,0.0,0.0,-0.1,-0.14048811793327332,9696.560036129
280,-21.602050781249996,35.39794921875,0.1609159590712922,0.1420840409287078,1,0.0,0.0,0.0,-0.03059845231473446,9696.561305359
281,-21.5965576171875,35.4034423828125,0.16090852939432013,0.14209147060567986,1,0.0,0.4,0.0,0.19073864817619324,9696.562525812
282,-21.602050781249996,35.39794921875,0.1609159590712922,0.1420840409287078,1,0.0,0.6000000000000001,0.1,0.28262239694595337,9696.563713062
283,-21.602050781249996,35.39794921875,0.1609159590712922,0.1420840409287078,1,0.0,0.6000000000000001,0.1,0.27437469363212585,9696.564935885
284,-21.602050781249996,35.39794921875,0.1609159590712922,0.1420840409287078,1,0.0,0.0,0.0,-0.017059247940778732,9696.566126264
285,-21.5965576171875,35.4034423828125,0.16090852939432013,0.14209147060567986,1,0.0,-0.1,0.0,-0.06044731289148331,9696.567287403
286,-21.602050781249996,35.39794921875,0.1609159590712922,0.1420840409287078,1,0.0,0.0,0.0,0.19078141450881958,9696.568537485
287,-21.602050781249996,35.39794921875,0.1609159590712922,0.1420840409287078,1,0.0,0.4,0.0,0.17709141969680786,9696.569718976
288,-21.602050781249996,35.39794921875,0.1609159590712922,0.1420840409287078,1,0.0,0.0,0.0,0.030583491548895836,9696.570919725
289,-21.591064453124996,35.408935546875,0.16090109971302416,0.14209890028697583,1,0.0,-0.1,-0.1,-0.06832746416330338,9696.572153771
290,-21.602050781249996,35.39794921875,0.1609159590712922,0.1420840409287078,1,0.0,0.0,0.0,0.013660192489624023,9696.573356094
291,-21.6075439453125,35.3924560546875,0.16092338874383316,0.14207661125616683,1,0.0,0.0,0.0,-0.03556327149271965,9696.574550992
292,-21.6075439453125,35.3924560546875,0.16092338874383316,0.14207661125616683,1,0.0,0.0,-0.1,-0.01765141636133194,9696.575741093
293,-21.602050781249996,35.39794921875,0.1609159590712922,0.1420840409287078,1,0.0,-0.1,0.0,-0.05790851637721062,9696.576953287
294,-21.6075439453125,35.3924560546875,0.16092338874383316,0.14207661125616683,1,0.0,-0.4,0.0,-0.1820482313632965,9696.578135944
295,-21.6075439453125,35.3924560546875,0.16092338874383316,0.14207661125616683,1,0.0,0.7000000000000001,-0.1,0.2976709008216858,9696.579307842
296,-21.6075439453125,35.3924560546875,0.16092338874383316,0.14207661125616683,1,0.0,0.6000000000000001,0.0,0.27955225110054016,9696.580510036
297,-21.613037109374996,35.386962890625,0.16093081841183574,0.14206918158816426,1,0.0,0.4,0.0,0.14239075779914856,9696.581751841
298,-21.6075439453125,35.3924560546875,0.16092338874383316,0.14207661125616683,1,0.0,-0.2,0.0,-0.1148616299033165,9696.582981349
299,-21.6075439453125,35.3924560546875,0.16092338874383316,0.14207661125616683,1,0.0,0.0,0.0,0.030876366421580315,9696.584211339
300,-21.613037109374996,35.386962890625,0.16093081841183574,0.14206918158816426,1,0.0,-0.2,0.0,-0.1242607980966568,9696.585399848
301,-21.602050781249996,35.39794921875,0.1609159590712922,0.1420840409287078,1,0.0,0.6000000000000001,0.0,0.2878204584121704,9696.586597523
302,-21.5965576171875,35.4034423828125,0.16090852939432013,0.14209147060567986,1,0.0,0.0,0.0,0.030479831621050835,9696.587805569
303,-21.602050781249996,35.39794921875,0.1609159590712922,0.1420840409287078,1,0.0,0.6000000000000001,0.0,0.27944016456604004,9696.589041985
304,-21.602050781249996,35.39794921875,0.1609159590712922,0.1420840409287078,1,0.0,0.30000000000000004,0.0,0.1415025144815445,9696.590234364
305,-21.613037109374996,35.386962890625,0.16093081841183574,0.14206918158816426,1,0.0,0.1,0.0,0.0710129588842392,9696.59142778
306,-21.602050781249996,35.39794921875,0.1609159590712922,0.1420840409287078,1,0.0,0.5,0.0,0.24868281185626984,9696.59265903
307,-21.602050781249996,35.39794921875,0.1609159590712922,0.1420840409287078,1,0.0,0.4,-0.1,0.1771489679813385,9696.593876131
308,-21.5965576171875,35.4034423828125,0.16090852939432013,0.14209147060567986,1,0.0,0.0,-0.2,-0.018642744049429893,9696.595072121
309,-21.585571289062496,35.4144287109375,0.16089367002751154,0.14210632997248845,1,0.0,0.0,-0.2,-0.031239869073033333,9696.596285556
310,-21.585571289062496,35.4144287109375,0.16089367002751154,0.14210632997248845,1,0.0,0.1,0.0,0.05946524441242218,9696.597484453
311,-21.585571289062496,35.4144287109375,0.16089367002751154,0.14210632997248845,1,0.0,0.1,0.0,0.041846442967653275,9696.598656833
312,-21.5965576171875,35.4034423828125,0.16090852939432013,0.14209147060567986,1,0.0,-0.1,0.0,-0.07455449551343918,9696.599850323
313,-21.6075439453125,35.3924560546875,0.16092338874383316,0.14207661125616683,1,0.0,0.5,0.0,0.24396780133247375,9696.601073831
314,-21.5965576171875,35.4034423828125,0.16090852939432013,0.14209147060567986,1,0.0,0.5,0.0,0.22664697468280792,9696.602242322
315,-21.6075439453125,35.3924560546875,0.16092338874383316,0.14207661125616683,1,0.0,0.30000000000000004,0.0,0.13777098059654236,9696.60339585
316,-21.613037109374996,35.386962890625,0.16093081841183574,0.14206918158816426,1,0.0,-0.1,0.0,-0.04441492259502411,9696.604585488
317,-21.6075439453125,35.3924560546875,0.16092338874383316,0.14207661125616683,1,0.0,0.30000000000000004,0.0,0.1640407294034958,9696.605803774
318,-21.618530273437496,35.3814697265625,0.16093824807519264,0.14206175192480736,1,0.0,0.0,0.0,-5.025345695131023e-10,9696.607000172
319,-21.618530273437496,35.3814697265625,0.16093824807519264,0.14206175192480736,1,0.0,0.5,0.0,0.21872258186340332,9696.608176718
320,-21.6075439453125,35.3924560546875,0.16092338874383316,0.14207661125616683,1,0.0,0.1,0.0,0.07118475437164307,9696.609396801
321,-21.5965576171875,35.4034423828125,0.16090852939432013,0.14209147060567986,1,0.0,-0.2,0.0,-0.11617349833250046,9696.610588069
322,-21.580078125,35.419921875,0.1608862403378895,0.14211375966211048,1,0.0,0.30000000000000004,0.1,0.13955658674240112,9696.611787411
323,-21.569091796875,35.430908203125,0.16087138094674597,0.14212861905325402,1,0.0,-0.2,-0.1,-0.09552457183599472,9696.613017642
324,-21.5526123046875,35.4473876953125,0.16084909183189028,0.1421509081681097,1,0.0,-0.2,-0.1,0.011469933204352856,9696.614245113
325,-21.503173828125,35.496826171875,0.1607822243117233,0.1422177756882767,1,0.0,-0.1,0.1,-0.22959038615226746,9696.615446048
326,-21.371337890624996,35.628662109375,0.16060391014594194,0.14239608985405805,1,0.0,-0.7000000000000001,0.0,-0.29210686683654785,9696.616670501
327,-21.16259765625,35.83740234375,0.16032158005046948,0.1426784199495305,1,0.0,-1.3,0.0,-0.5601177215576172,9696.617873417
328,-20.9373779296875,36.0626220703125,0.1600169675940502,0.14298303240594978,1,0.0,-1.5,-0.2,-0.6529665589332581,9696.619061611
329,-20.668212890625,36.331787109375,0.15965293792443264,0.14334706207556736,1,0.0,-2.3000000000000003,0.4,-0.9675321578979492,9696.620292842
330,-20.294677734375,36.705322265625,0.15914781108900378,0.14385218891099621,1,0.0,-2.5,0.0,-1.0786405801773071,9696.621502758
